17098242
9984670
9629091
9598094
8514877
7692024
3287263
2780400
2724900
2381741
2344858
2166086
2000000
1964375
1904569
1886068
1759540
1648195
1564100
1285216
1284000
1267000
1246700
1240192
1221037
1138914
1104300
1098581
1030000
1002000
945087
923768
912050
824292
801590
796095
783562
756102
752618
676578
652090
637657
622984
603500
587041
582000
580000
551500
527968
513120
505992
488100
475650
462840
450000
447400
446550
438317
406752
390757
377915
357022
342000
338145
331689
329847
323802
322463
312685
309500
301318
300000
283561
274222
270467
267668
266000
245857
242900
241038
238533
238391
236800
214969
207595
199951
196722
185180
181035
176215
163820
163610
147181
143998
143100
131957
130370
120538
118484
117600
112622
112492
111369
110879
109886
108889
103000
99678
93028
92090
89342
86600
83534
83871
83600
78867
77474
75517
71740
70273
69700
65610
65300
64589
62422
56785
56594
51197
51100
49035
48310
45227
43094
41543
41285
38394
36188
36125
33850
30528
30355
29743
28896
28748
28051
27834
27750
26338
25713
23200
22966
22072
21041
20273
18575
18274
17818
17364
14874
13943
13812
12189
12173
11586
11295
10991
10887
10400
9251
8870
6020
5765
5130
4167
4033
2831
2586
2510
2235
2040
1630
1393
1100
964
948
800
751
747
741
726
718
702
572
549
539
477
468
459
455
442
431
389
347
344
316
298
264
261
260
242
236
199
181
180
160
151
142
122
116
102
98
91
88
78
61
53
36
26
21
12
6
5
2
1
