1355692576 
1236344631 
511434812 
318892103 
253609643 
202656788 
196174380 
177155754 
166280712 
142470272 
127103388 
120286655 
107668231 
96633458 
93421835 
86895099 
81619392 
80996685 
80840713 
77433744 
67741401 
66259012 
63742977 
61680122 
55746253 
49639138 
49039986 
48375645 
47737941 
46245297 
45010056 
44291413 
43024374 
38813722 
38346279 
35918915 
35482233 
34834841 
32987206 
32585692 
31822848 
30986975 
30147935 
30073353 
28929716 
28868486 
27345986 
26052966 
25758108 
24851627 
24692144 
23359928 
23201926 
23130708 
22848945 
22507617 
21866445 
21729871 
19088106 
18365123 
17951639 
17948816 
17466172 
17377468 
17363894 
16877351 
16455903 
15654411 
15458332 
14647083 
14638505 
13771721 
13635927 
12337138 
11562695 
11474383 
11412107 
11047251 
10937521 
10813834 
10775557 
10631486 
10627448 
10449361 
10428043 
10395931 
10349741 
10160556 
9996731 
9919128 
9723809 
9686210 
9608058 
8598561 
8223062 
8061516 
8051512 
7930491 
7821850 
7351374 
7209764 
7112688 
6924716 
6803699 
6703860 
6552730 
6380803 
6244174 
6125512 
5882562 
5848641 
5743725 
5628805 
5604212 
5569077 
5567301 
5443583 
5277959 
5268799 
5171943 
5147792 
4935880 
4832765 
4755234 
4662446 
4470534 
4401916 
4092310 
3871643 
3620897 
3608431 
3583288 
3516806 
3505738 
3332972 
3219775 
3060631 
3020209 
2953190 
2930050 
2742711 
2731052 
2198406 
2165165 
2155784 
2123160 
2091719 
1988292 
1942008 
1925527 
1859203 
1816379 
1693398 
1672597 
1419623 
1331155 
1314089 
1257921 
1223916 
1201542 
1172458 
903207 
810179 
766865 
735554 
733643 
722254 
650036 
609883 
587914 
573311 
554795 
538535 
520672 
422675 
412655 
393595 
340844 
321834 
317351 
289680 
280026 
267840 
266937 
196628 
190428 
163362 
161001 
146836 
110663 
110152 
106440 
105681 
104488 
104170 
102918 
96513 
91650 
91295 
86866 
85458 
73449 
70983 
69839 
65849 
57728 
54914 
54517 
51538 
51483 
49947 
49070 
39689 
37313 
32742 
32680 
31530 
30508 
29185 
21186 
16086 
15561 
10782 
10134 
9488 
7776 
7267 
5716 
5215 
3361 
2210 
1872 
1530 
1337 
1190 
842 
596 
48 
